0 10 1 9 12 11
1 9 10 2 0 8
2 8 1 7 9 3
3 7 6 2 4 8
4 5 6 3 7 18
5 6 18 4 17 3
6 17 7 18 5 16
7 16 8 15 6 2
8 15 9 14 2 7
9 13 14 8 10 1
10 12 9 13 1 0
11 12 27 10 26 28
12 27 10 13 11 26
13 12 26 25 14 9
14 13 24 9 25 15
15 23 14 8 16 24
16 15 7 22 17 21
17 21 16 6 18 20
18 17 20 6 19 5
19 20 18 37 17 38
20 37 21 36 18 17
21 36 35 17 20 22
22 23 34 35 16 21
23 24 33 22 15 34
24 25 32 23 14 33
25 26 31 24 13 14
26 30 27 25 13 12
27 29 26 12 11 28
28 29 48 27 47 30
29 27 30 28 47 48
30 26 29 31 46 47
31 25 30 32 45 46
32 31 24 33 44 25
33 32 23 34 43 24
34 33 42 35 22 23
35 34 41 36 22 21
36 40 35 21 37 39
37 39 36 20 38 40
38 39 37 40 36 19
39 40 37 36 38 20
40 36 41 39 35 37
41 35 42 40 34 36
42 34 43 41 33 35
43 33 44 42 34 32
44 32 45 43 33 31
45 31 46 44 32 30
46 30 47 45 31 29
47 29 46 48 30 28
48 47 28 29 46 30