0 1 4 5 6
1 0 4 5 6
2 3 1 4 5
3 1 2 4 5
4 0 1 5 6
5 4 6 7 8
6 5 7 8 4
7 6 8 9 5
8 7 9 10 6
9 8 10 7 11
10 9 11 8 12
11 10 12 9 13
12 11 13 10 14
13 12 14 11 10
14 13 15 12 16
15 14 16 13 17
16 15 17 14 18
17 16 18 15 19
18 17 19 16 20
19 18 20 17 21
20 19 21 18 22
21 20 22 19 23
22 21 23 20 19
23 22 21 20 19
24 25 26 27 8
25 24 26 27 7
26 25 27 24 6
27 26 25 24 9
28 29 22 23 20
29 28 23 18 19
30 31 29 23 28
31 30 29 28 1
32 33 34 35 18
33 32 34 35 19
34 33 35 32 21
35 34 33 32 19
36 37 38 39 17
37 36 38 39 34
38 37 39 36 35
39 38 37 36 35